Number_light: 16
Dir: 0.247461 0.951748 0.181493
Pow: 5832.177040 5465.361800 4894.530151

Dir: 0.628229 0.576840 0.522096
Pow: 14207.739274 14177.401774 14114.331460

Dir: -0.215236 0.937802 0.272397
Pow: 6197.304389 6046.619621 5966.044620

Dir: -0.530784 0.516747 0.671745
Pow: 15367.998667 14883.059597 14646.317406

Dir: 0.693375 0.051589 0.718728
Pow: 17406.959634 17784.037765 17599.039325

Dir: 0.568730 -0.637424 0.519843
Pow: 12735.895502 12680.162689 12367.077528

Dir: -0.705405 -0.017951 0.708578
Pow: 17881.050266 17525.259636 17160.184631

Dir: -0.558962 -0.677976 0.477399
Pow: 13122.306446 12146.032993 11789.227519

Dir: -0.297557 0.923018 -0.243920
Pow: 6847.484477 6633.064161 6552.943848

Dir: -0.753160 0.451990 -0.477970
Pow: 15544.545544 15350.258041 16055.890864

Dir: 0.226447 0.938579 -0.260367
Pow: 6158.249701 6032.222356 5933.407120

Dir: 0.574119 0.514824 -0.636665
Pow: 15049.658037 14971.514286 14900.873660

Dir: -0.711736 -0.017951 -0.702218
Pow: 17599.603387 17536.739324 17632.286200

Dir: -0.582198 -0.682910 -0.441226
Pow: 13289.211136 11917.740021 11662.718924

Dir: 0.770017 0.035896 -0.637013
Pow: 17202.001819 17702.222139 18052.329957

Dir: 0.549034 -0.642597 -0.534445
Pow: 12814.848628 12443.436123 12370.838466

