Number_light: 16
Dir: 0.099953 0.986613 0.128858
Pow: 2565.726601 2974.535787 3748.740290

Dir: 0.266696 0.812956 0.517664
Pow: 9333.742327 10586.507970 13140.729883

Dir: -0.139866 0.977835 0.155805
Pow: 3215.474853 3809.222713 4916.471948

Dir: -0.415189 0.784622 0.460421
Pow: 9417.630609 11262.316574 14506.264279

Dir: 0.590059 0.306882 0.746762
Pow: 18463.862775 16903.098689 17565.095574

Dir: 0.477399 -0.760406 0.440310
Pow: 12687.841595 11089.775165 11065.646259

Dir: -0.558162 0.263873 0.786655
Pow: 18311.206523 17109.087755 17390.129947

Dir: -0.384905 -0.769081 0.510257
Pow: 11873.558771 10905.572038 11438.135327

Dir: -0.275019 0.959032 -0.067988
Pow: 4344.815299 5128.424686 6581.221192

Dir: -0.733379 0.651153 -0.195333
Pow: 11650.929080 13770.856455 17347.400258

Dir: 0.019389 0.991831 -0.126077
Pow: 2343.663902 2294.906089 2682.708634

Dir: 0.161358 0.756017 -0.634352
Pow: 13289.601761 11646.436111 11737.668925

Dir: -0.862636 0.127559 -0.489477
Pow: 22036.661266 16067.584614 17446.184635

Dir: -0.551748 -0.787396 -0.274920
Pow: 11989.856429 10236.724371 10976.035320

Dir: 0.541512 -0.082932 -0.836592
Pow: 22268.987832 16755.779937 15646.561171

Dir: 0.265752 -0.865276 -0.425056
Pow: 10110.059526 8670.179817 8747.438412

