Number_light: 96
Dir: 0.689789 0.511953 -0.511953
Pow: 119325 97126.9 85326.2
Dir: 0.790892 0.173008 -0.58699
Pow: 173555 167697 165660
Dir: 0.779995 -0.237655 -0.578902
Pow: 126346 111707 121469
Dir: 0.680226 -0.531426 -0.504855
Pow: 115385 90820.2 95923.6
Dir: 0.790892 0.58699 -0.173008
Pow: 133732 108596 81454.8
Dir: 0.95533 0.208978 -0.208978
Pow: 216070 212072 184037
Dir: 0.936304 -0.28528 -0.204817
Pow: 140569 118529 115301
Dir: 0.776571 -0.606696 -0.169875
Pow: 98859.1 67725.6 60395.1
Dir: 0.779995 0.578902 0.237655
Pow: 102694 77033.9 58063.6
Dir: 0.936304 0.204817 0.28528
Pow: 185288 168845 136743
Dir: 0.918371 -0.279816 0.279816
Pow: 128600 99636.4 87702.9
Dir: 0.766247 -0.598631 0.233466
Pow: 94505.6 61771.9 50786.7
Dir: 0.680226 0.504855 0.531426
Pow: 70269.1 36459.9 27572.8
Dir: 0.776571 0.169875 0.606696
Pow: 97356.6 83484 71941.1
Dir: 0.766247 -0.233466 0.598631
Pow: 96067.3 74778.2 69084.6
Dir: 0.67105 -0.524258 0.524258
Pow: 75530.3 47929.4 38193.1
Dir: -0.689789 0.511953 0.511953
Pow: 284055 132360 72665
Dir: -0.790892 0.173008 0.58699
Pow: 165668 143229 119609
Dir: -0.779995 -0.237655 0.578902
Pow: 128124 93291.8 85240
Dir: -0.680226 -0.531426 0.504855
Pow: 101412 60610.4 43042.7
Dir: -0.790892 0.58699 0.173008
Pow: 278565 134920 80570.4
Dir: -0.95533 0.208978 0.208978
Pow: 213797 197323 174261
Dir: -0.936304 -0.28528 0.204817
Pow: 119472 81139 65243.4
Dir: -0.776571 -0.606696 0.169875
Pow: 96731.9 57160.4 40954.7
Dir: -0.779995 0.578902 -0.237655
Pow: 125762 98901.5 87003.1
Dir: -0.936304 0.204817 -0.28528
Pow: 234385 243267 232196
Dir: -0.918371 -0.279816 -0.279816
Pow: 122096 97041.4 89487.1
Dir: -0.766247 -0.598631 -0.233466
Pow: 77521.7 49707.2 42018.1
Dir: -0.680226 0.504855 -0.531426
Pow: 245589 249013 176105
Dir: -0.776571 0.169875 -0.606696
Pow: 196347 223691 188431
Dir: -0.766247 -0.233466 -0.598631
Pow: 84765.1 74920.9 71670.2
Dir: -0.67105 -0.524258 -0.524258
Pow: 104013 88258.8 78796.4
Dir: -0.511953 0.689789 0.511953
Pow: 1.11404e+06 727751 296395
Dir: -0.58699 0.790892 0.173008
Pow: 1.48425e+06 925673 411389
Dir: -0.578902 0.779995 -0.237655
Pow: 156345 142653 127493
Dir: -0.504855 0.680226 -0.531426
Pow: 133468 128253 126548
Dir: -0.173008 0.790892 0.58699
Pow: 331901 232406 125836
Dir: -0.208978 0.95533 0.208978
Pow: 534646 352512 184519
Dir: -0.204817 0.936304 -0.28528
Pow: 153894 145425 132416
Dir: -0.169875 0.776571 -0.606696
Pow: 130757 123178 131546
Dir: 0.237655 0.779995 0.578902
Pow: 118384 96171.5 73000.8
Dir: 0.28528 0.936304 0.204817
Pow: 115000 96397.4 77256.4
Dir: 0.279816 0.918371 -0.279816
Pow: 122500 112265 97831.1
Dir: 0.233466 0.766247 -0.598631
Pow: 104606 95789.9 95752.4
Dir: 0.531426 0.680226 0.504855
Pow: 71206.8 52862.2 41412
Dir: 0.606696 0.776571 0.169875
Pow: 96835.8 75248.8 55566.4
Dir: 0.598631 0.766247 -0.233466
Pow: 88243.8 77244.6 65797.8
Dir: 0.524258 0.67105 -0.524258
Pow: 70956 62258.2 60551.4
Dir: -0.511953 -0.689789 -0.511953
Pow: 145604 116708 112116
Dir: -0.58699 -0.790892 -0.173008
Pow: 122435 78127.2 61403.1
Dir: -0.578902 -0.779995 0.237655
Pow: 136127 80665.1 54153.7
Dir: -0.504855 -0.680226 0.531426
Pow: 112200 66259.5 43718.6
Dir: -0.173008 -0.790892 -0.58699
Pow: 161047 148667 178352
Dir: -0.208978 -0.95533 -0.208978
Pow: 122053 80998.5 68227.6
Dir: -0.204817 -0.936304 0.28528
Pow: 138656 85596.9 58870.8
Dir: -0.169875 -0.776571 0.606696
Pow: 86329.1 55259.2 41804.4
Dir: 0.237655 -0.779995 -0.578902
Pow: 145740 122504 137277
Dir: 0.28528 -0.936304 -0.204817
Pow: 102404 74692.6 68204.9
Dir: 0.279816 -0.918371 0.279816
Pow: 91975.2 62002.5 50060.8
Dir: 0.233466 -0.766247 0.598631
Pow: 69001.4 44649.5 37029.2
Dir: 0.531426 -0.680226 -0.504855
Pow: 118418 96609.9 104544
Dir: 0.606696 -0.776571 -0.169875
Pow: 87353.7 62767.2 56850.5
Dir: 0.598631 -0.766247 0.233466
Pow: 88974.8 57493.8 45076.1
Dir: 0.524258 -0.67105 0.524258
Pow: 73820.1 45757.6 34615.4
Dir: -0.511953 -0.511953 0.689789
Pow: 1.25704e+06 1.45204e+06 1.18942e+06
Dir: -0.58699 -0.173008 0.790892
Pow: 949807 1.02368e+06 684287
Dir: -0.578902 0.237655 0.779995
Pow: 183378 174076 148764
Dir: -0.504855 0.531426 0.680226
Pow: 205121 206591 195130
Dir: -0.173008 -0.58699 0.790892
Pow: 2.8803e+06 4.34475e+06 6.15155e+06
Dir: -0.208978 -0.208978 0.95533
Pow: 3.43797e+06 4.67612e+06 6.02815e+06
Dir: -0.204817 0.28528 0.936304
Pow: 351102 461529 622448
Dir: -0.169875 0.606696 0.776571
Pow: 305318 404340 574195
Dir: 0.237655 -0.578902 0.779995
Pow: 743002 962990 1.23939e+06
Dir: 0.28528 -0.204817 0.936304
Pow: 1.20343e+06 1.47357e+06 1.7657e+06
Dir: 0.279816 0.279816 0.918371
Pow: 160743 187876 250070
Dir: 0.233466 0.598631 0.766247
Pow: 166686 174777 226296
Dir: 0.531426 -0.504855 0.680226
Pow: 1.9143e+06 2.18836e+06 2.37734e+06
Dir: 0.606696 -0.169875 0.776571
Pow: 2.34519e+06 2.40164e+06 2.36461e+06
Dir: 0.598631 0.233466 0.766247
Pow: 263151 300704 357296
Dir: 0.524258 0.524258 0.67105
Pow: 205086 224663 276468
Dir: -0.511953 0.511953 -0.689789
Pow: 117449 72023.6 52829.3
Dir: -0.58699 0.173008 -0.790892
Pow: 159544 138038 135592
Dir: -0.578902 -0.237655 -0.779995
Pow: 208502 173738 143785
Dir: -0.504855 -0.531426 -0.680226
Pow: 116871 77083.6 57740.1
Dir: -0.173008 0.58699 -0.790892
Pow: 93501.3 60907.6 50743.1
Dir: -0.208978 0.208978 -0.95533
Pow: 159016 129254 125723
Dir: -0.204817 -0.28528 -0.936304
Pow: 249719 205183 179816
Dir: -0.169875 -0.606696 -0.776571
Pow: 123478 94823.2 67964.7
Dir: 0.237655 0.578902 -0.779995
Pow: 91048.7 58887.5 49676.7
Dir: 0.28528 0.204817 -0.936304
Pow: 196098 193875 211041
Dir: 0.279816 -0.279816 -0.918371
Pow: 187845 156992 141439
Dir: 0.233466 -0.598631 -0.766247
Pow: 100690 74410.5 53470
Dir: 0.531426 0.504855 -0.680226
Pow: 93337.6 60938.8 50704.2
Dir: 0.606696 0.169875 -0.776571
Pow: 151676 143328 142923
Dir: 0.598631 -0.233466 -0.766247
Pow: 178605 168814 158454
Dir: 0.524258 -0.524258 -0.67105
Pow: 58375.6 38269.5 30134.2
