Number_light: 24
Dir: 0.812244 0.412468 -0.412468
Pow: 584768 528276 460890
Dir: 0.816463 -0.401853 -0.41461
Pow: 492105 406686 414956
Dir: 0.816463 0.41461 0.401853
Pow: 475955 384360 307806
Dir: 0.820749 -0.403962 0.403962
Pow: 421314 304893 266004
Dir: -0.812244 0.412468 0.412468
Pow: 890394 565319 408690
Dir: -0.816463 -0.401853 0.41461
Pow: 444909 295340 239682
Dir: -0.816463 0.41461 -0.401853
Pow: 819071 825088 688065
Dir: -0.820749 -0.403962 -0.403962
Pow: 423936 339091 310862
Dir: -0.412468 0.812244 0.412468
Pow: 3.40906e+06 2.19311e+06 983175
Dir: -0.41461 0.816463 -0.401853
Pow: 580865 541191 515673
Dir: 0.401853 0.816463 0.41461
Pow: 408128 325890 250022
Dir: 0.403962 0.820749 -0.403962
Pow: 428968 385923 354450
Dir: -0.412468 -0.812244 -0.412468
Pow: 505463 391776 389372
Dir: -0.41461 -0.816463 0.401853
Pow: 484948 292906 198936
Dir: 0.401853 -0.816463 -0.41461
Pow: 461915 364636 378180
Dir: 0.403962 -0.820749 0.403962
Pow: 349788 229441 185809
Dir: -0.412468 -0.412468 0.812244
Pow: 8.04269e+06 1.09086e+07 1.33029e+07
Dir: -0.41461 0.401853 0.816463
Pow: 1.02508e+06 1.21488e+06 1.48806e+06
Dir: 0.401853 -0.41461 0.816463
Pow: 6.64514e+06 7.57445e+06 8.45346e+06
Dir: 0.403962 0.403962 0.820749
Pow: 858727 959792 1.20672e+06
Dir: -0.412468 0.412468 -0.812244
Pow: 470302 342115 303012
Dir: -0.41461 -0.401853 -0.816463
Pow: 715967 575627 476592
Dir: 0.401853 0.41461 -0.816463
Pow: 503909 428697 431743
Dir: 0.403962 -0.403962 -0.820749
Pow: 595572 500139 440698
