Number_light: 24
Dir: 0.812244 0.412468 -0.412468
Pow: 2.95777e+06 3.38512e+06 3.54796e+06
Dir: 0.816463 -0.401853 -0.41461
Pow: 633159 560023 459098
Dir: 0.816463 0.41461 0.401853
Pow: 5.42108e+06 6.59037e+06 7.50636e+06
Dir: 0.820749 -0.403962 0.403962
Pow: 635980 536415 422753
Dir: -0.812244 0.412468 0.412468
Pow: 8.34265e+06 9.84432e+06 1.08101e+07
Dir: -0.816463 -0.401853 0.41461
Pow: 745480 602860 432333
Dir: -0.816463 0.41461 -0.401853
Pow: 1.17879e+07 1.21834e+07 1.14043e+07
Dir: -0.820749 -0.403962 -0.403962
Pow: 781192 732259 606306
Dir: -0.412468 0.812244 0.412468
Pow: 5.18248e+06 6.55315e+06 7.81504e+06
Dir: -0.41461 0.816463 -0.401853
Pow: 4.90491e+06 5.54553e+06 5.80455e+06
Dir: 0.401853 0.816463 0.41461
Pow: 8.50522e+06 1.1334e+07 1.43514e+07
Dir: 0.403962 0.820749 -0.403962
Pow: 4.13077e+06 4.95062e+06 5.47107e+06
Dir: -0.412468 -0.812244 -0.412468
Pow: 623189 574444 477109
Dir: -0.41461 -0.816463 0.401853
Pow: 596000 490165 390426
Dir: 0.401853 -0.816463 -0.41461
Pow: 539935 475760 396620
Dir: 0.403962 -0.820749 0.403962
Pow: 578813 481142 399986
Dir: -0.412468 -0.412468 0.812244
Pow: 6.06862e+06 6.27396e+06 5.81305e+06
Dir: -0.41461 0.401853 0.816463
Pow: 660292 615493 522419
Dir: 0.401853 -0.41461 0.816463
Pow: 4.41655e+06 4.88664e+06 5.02146e+06
Dir: 0.403962 0.403962 0.820749
Pow: 548364 490709 409144
Dir: -0.412468 0.412468 -0.812244
Pow: 672272 509716 344041
Dir: -0.41461 -0.401853 -0.816463
Pow: 1.78474e+06 1.96824e+06 1.99187e+06
Dir: 0.401853 0.41461 -0.816463
Pow: 670579 518811 369911
Dir: 0.403962 -0.403962 -0.820749
Pow: 3.69786e+06 4.32127e+06 4.77575e+06
