Number_light: 96
Dir: 0.697447 0.506739 -0.506739
Pow: 709633 808348 840153
Dir: 0.8013 0.137723 -0.582195
Pow: 836052 922097 916298
Dir: 0.772797 -0.295836 -0.561485
Pow: 205953 185077 149864
Dir: 0.672113 -0.556593 -0.488332
Pow: 118205 102302 82257.7
Dir: 0.8013 0.582195 -0.137723
Pow: 1.34989e+06 1.68619e+06 2.04382e+06
Dir: 0.971707 0.167012 -0.167012
Pow: 869559 974631 967101
Dir: 0.922105 -0.352993 -0.158487
Pow: 196891 173352 143517
Dir: 0.76353 -0.632298 -0.131232
Pow: 106439 90997.4 74983.9
Dir: 0.772797 0.561485 0.295836
Pow: 3.42514e+06 4.51319e+06 5.32518e+06
Dir: 0.922105 0.158487 0.352993
Pow: 366574 335424 265273
Dir: 0.879398 -0.336645 0.336645
Pow: 190231 164070 132021
Dir: 0.73875 -0.611777 0.282803
Pow: 113118 100522 82171.1
Dir: 0.672113 0.488332 0.556593
Pow: 628119 621919 649072
Dir: 0.76353 0.131232 0.632298
Pow: 356177 248496 149032
Dir: 0.73875 -0.282803 0.611777
Pow: 105727 84748.5 65273.9
Dir: 0.649353 -0.537746 0.537746
Pow: 70243.6 60528.3 50074.9
Dir: -0.697447 0.506739 0.506739
Pow: 1.81322e+06 2.19044e+06 2.71717e+06
Dir: -0.8013 0.137723 0.582195
Pow: 2.26311e+06 2.54222e+06 2.6157e+06
Dir: -0.772797 -0.295836 0.561485
Pow: 227047 172239 114743
Dir: -0.672113 -0.556593 0.488332
Pow: 149284 115314 80716.9
Dir: -0.8013 0.582195 0.137723
Pow: 3.54914e+06 4.22615e+06 4.58355e+06
Dir: -0.971707 0.167012 0.167012
Pow: 1.55108e+06 1.78297e+06 1.82145e+06
Dir: -0.922105 -0.352993 0.158487
Pow: 263702 224387 167670
Dir: -0.76353 -0.632298 0.131232
Pow: 154148 129934 101247
Dir: -0.772797 0.561485 -0.295836
Pow: 3.07392e+06 3.30218e+06 3.30669e+06
Dir: -0.922105 0.158487 -0.352993
Pow: 6.04816e+06 6.1614e+06 5.48076e+06
Dir: -0.879398 -0.336645 -0.336645
Pow: 276192 255887 206535
Dir: -0.73875 -0.611777 -0.282803
Pow: 149952 140688 118340
Dir: -0.672113 0.488332 -0.556593
Pow: 1.13861e+06 1.19526e+06 1.17447e+06
Dir: -0.76353 0.131232 -0.632298
Pow: 797168 728697 595403
Dir: -0.73875 -0.282803 -0.611777
Pow: 116619 112835 99844.5
Dir: -0.649353 -0.537746 -0.537746
Pow: 85813.2 82169.3 68724.8
Dir: -0.506739 0.697447 0.506739
Pow: 1.59657e+06 1.93992e+06 2.26178e+06
Dir: -0.582195 0.8013 0.137723
Pow: 1.4872e+06 1.73406e+06 1.85855e+06
Dir: -0.561485 0.772797 -0.295836
Pow: 1.17212e+06 1.30041e+06 1.3426e+06
Dir: -0.488332 0.672113 -0.556593
Pow: 1.34498e+06 1.45596e+06 1.44688e+06
Dir: -0.137723 0.8013 0.582195
Pow: 1.5335e+06 2.06629e+06 2.59023e+06
Dir: -0.167012 0.971707 0.167012
Pow: 2.6498e+06 3.48761e+06 4.35755e+06
Dir: -0.158487 0.922105 -0.352993
Pow: 1.27414e+06 1.5072e+06 1.6303e+06
Dir: -0.131232 0.76353 -0.632298
Pow: 622933 710008 752847
Dir: 0.295836 0.772797 0.561485
Pow: 2.72742e+06 3.68587e+06 4.93927e+06
Dir: 0.352993 0.922105 0.158487
Pow: 1.37702e+06 1.76827e+06 2.10072e+06
Dir: 0.336645 0.879398 -0.336645
Pow: 1.6572e+06 2.07953e+06 2.40149e+06
Dir: 0.282803 0.73875 -0.611777
Pow: 1.04061e+06 1.18798e+06 1.24228e+06
Dir: 0.556593 0.672113 0.488332
Pow: 673463 777341 894756
Dir: 0.632298 0.76353 0.131232
Pow: 2.66183e+06 3.6317e+06 4.49383e+06
Dir: 0.611777 0.73875 -0.282803
Pow: 486653 571894 626322
Dir: 0.537746 0.649353 -0.537746
Pow: 417852 479209 502672
Dir: -0.506739 -0.697447 -0.506739
Pow: 229075 224969 184343
Dir: -0.582195 -0.8013 -0.137723
Pow: 202599 178923 148701
Dir: -0.561485 -0.772797 0.295836
Pow: 224975 189274 147609
Dir: -0.488332 -0.672113 0.556593
Pow: 109817 85631 64551.1
Dir: -0.137723 -0.8013 -0.582195
Pow: 158067 143689 119299
Dir: -0.167012 -0.971707 -0.167012
Pow: 149985 128600 110409
Dir: -0.158487 -0.922105 0.352993
Pow: 121445 104826 93296.6
Dir: -0.131232 -0.76353 0.632298
Pow: 104311 82929.1 65143.9
Dir: 0.295836 -0.772797 -0.561485
Pow: 158468 142793 120133
Dir: 0.352993 -0.922105 -0.158487
Pow: 164027 140181 119439
Dir: 0.336645 -0.879398 0.336645
Pow: 171127 142436 121613
Dir: 0.282803 -0.73875 0.611777
Pow: 108984 92965.7 76320.4
Dir: 0.556593 -0.672113 -0.488332
Pow: 112436 97791.6 79022.1
Dir: 0.632298 -0.76353 -0.131232
Pow: 107911 91900.5 75026.8
Dir: 0.611777 -0.73875 0.282803
Pow: 135726 110424 87419.9
Dir: 0.537746 -0.649353 0.537746
Pow: 78972.2 64179.1 51808.2
Dir: -0.506739 -0.506739 0.697447
Pow: 2.22122e+06 2.34838e+06 2.24218e+06
Dir: -0.582195 -0.137723 0.8013
Pow: 2.51107e+06 2.50422e+06 2.19459e+06
Dir: -0.561485 0.295836 0.772797
Pow: 231854 218446 181203
Dir: -0.488332 0.556593 0.672113
Pow: 133673 126270 105304
Dir: -0.137723 -0.582195 0.8013
Pow: 1.51647e+06 1.67228e+06 1.6866e+06
Dir: -0.167012 -0.167012 0.971707
Pow: 585472 581112 525818
Dir: -0.158487 0.352993 0.922105
Pow: 180937 157965 128679
Dir: -0.131232 0.632298 0.76353
Pow: 85429.9 86585.4 88337.1
Dir: 0.295836 -0.561485 0.772797
Pow: 1.73934e+06 1.91861e+06 1.99015e+06
Dir: 0.352993 -0.158487 0.922105
Pow: 957064 1.03781e+06 1.05266e+06
Dir: 0.336645 0.336645 0.879398
Pow: 162405 142371 116498
Dir: 0.282803 0.611777 0.73875
Pow: 89888.6 78904.3 65565.1
Dir: 0.556593 -0.488332 0.672113
Pow: 723777 827036 861140
Dir: 0.632298 -0.131232 0.76353
Pow: 363621 393162 385069
Dir: 0.611777 0.282803 0.73875
Pow: 127660 117765 96795.2
Dir: 0.537746 0.537746 0.649353
Pow: 63879.5 55801 45440.3
Dir: -0.506739 0.506739 -0.697447
Pow: 254360 193974 125996
Dir: -0.582195 0.137723 -0.8013
Pow: 179908 147773 108999
Dir: -0.561485 -0.295836 -0.772797
Pow: 566065 617330 596524
Dir: -0.488332 -0.556593 -0.672113
Pow: 726850 846966 947885
Dir: -0.137723 0.582195 -0.8013
Pow: 224762 174497 122805
Dir: -0.167012 0.167012 -0.971707
Pow: 187044 141551 94084.3
Dir: -0.158487 -0.352993 -0.922105
Pow: 361551 384930 363516
Dir: -0.131232 -0.632298 -0.76353
Pow: 274471 303408 288403
Dir: 0.295836 0.561485 -0.772797
Pow: 182973 149546 118423
Dir: 0.352993 0.158487 -0.922105
Pow: 293915 208480 124261
Dir: 0.336645 -0.336645 -0.879398
Pow: 610957 479534 324746
Dir: 0.282803 -0.611777 -0.73875
Pow: 2.00868e+06 2.64195e+06 3.19379e+06
Dir: 0.556593 0.488332 -0.672113
Pow: 109872 92173.1 75103.5
Dir: 0.632298 0.131232 -0.76353
Pow: 113226 94409.7 72652.3
Dir: 0.611777 -0.282803 -0.73875
Pow: 185635 179008 158049
Dir: 0.537746 -0.537746 -0.649353
Pow: 545150 662476 766322
