Number_light: 96
Dir: 0.689789 0.511953 -0.511953
Pow: 63562.7 40730.6 32124.5
Dir: 0.790892 0.173008 -0.58699
Pow: 176605 126808 107911
Dir: 0.779995 -0.237655 -0.578902
Pow: 89380.6 57717.8 48015.5
Dir: 0.680226 -0.531426 -0.504855
Pow: 59592 36905.1 29476.4
Dir: 0.790892 0.58699 -0.173008
Pow: 438586 369216 335404
Dir: 0.95533 0.208978 -0.208978
Pow: 314194 309501 344924
Dir: 0.936304 -0.28528 -0.204817
Pow: 107283 79564.3 74074.4
Dir: 0.776571 -0.606696 -0.169875
Pow: 60307 38552.8 31379.7
Dir: 0.779995 0.578902 0.237655
Pow: 29801.4 18194.8 15890
Dir: 0.936304 0.204817 0.28528
Pow: 31226.6 19260.2 16788.8
Dir: 0.918371 -0.279816 0.279816
Pow: 65986.4 39170.6 31327.4
Dir: 0.766247 -0.598631 0.233466
Pow: 60557.3 37231.9 29779.4
Dir: 0.680226 0.504855 0.531426
Pow: 37514.2 23130.9 18867.1
Dir: 0.776571 0.169875 0.606696
Pow: 30706.4 19137.2 16175.9
Dir: 0.766247 -0.233466 0.598631
Pow: 56217.7 33098.6 26254.9
Dir: 0.67105 -0.524258 0.524258
Pow: 47335.4 26284 20688.9
Dir: -0.689789 0.511953 0.511953
Pow: 37595.2 22950.8 18819.5
Dir: -0.790892 0.173008 0.58699
Pow: 35264.8 20491.1 16610.1
Dir: -0.779995 -0.237655 0.578902
Pow: 54420.6 32393.9 25410.1
Dir: -0.680226 -0.531426 0.504855
Pow: 55912.1 32755.2 25494.4
Dir: -0.790892 0.58699 0.173008
Pow: 33856.4 22002.6 19536
Dir: -0.95533 0.208978 0.208978
Pow: 27739.9 18261.3 16803.1
Dir: -0.936304 -0.28528 0.204817
Pow: 56547.5 34127.3 27376
Dir: -0.776571 -0.606696 0.169875
Pow: 54945.9 34271 27361.2
Dir: -0.779995 0.578902 -0.237655
Pow: 257607 254963 271732
Dir: -0.936304 0.204817 -0.28528
Pow: 246887 288575 369160
Dir: -0.918371 -0.279816 -0.279816
Pow: 78977.8 60140.7 60389.5
Dir: -0.766247 -0.598631 -0.233466
Pow: 60654 38201 30868
Dir: -0.680226 0.504855 -0.531426
Pow: 41168.7 25690.9 20924.2
Dir: -0.776571 0.169875 -0.606696
Pow: 45486.4 29051 24901.1
Dir: -0.766247 -0.233466 -0.598631
Pow: 62315.1 39221.6 32825.6
Dir: -0.67105 -0.524258 -0.524258
Pow: 52317.5 32824 26460.7
Dir: -0.511953 0.689789 0.511953
Pow: 44546.2 27095.6 22203.9
Dir: -0.58699 0.790892 0.173008
Pow: 36646.9 23715.6 20382.2
Dir: -0.578902 0.779995 -0.237655
Pow: 446781 312068 255505
Dir: -0.504855 0.680226 -0.531426
Pow: 42407.3 26832 21032.2
Dir: -0.173008 0.790892 0.58699
Pow: 379845 254460 166847
Dir: -0.208978 0.95533 0.208978
Pow: 500332 329822 244016
Dir: -0.204817 0.936304 -0.28528
Pow: 176704 137136 131962
Dir: -0.169875 0.776571 -0.606696
Pow: 153410 109229 92429.2
Dir: 0.237655 0.779995 0.578902
Pow: 449458 289394 233960
Dir: 0.28528 0.936304 0.204817
Pow: 57602.8 37654.3 34239.5
Dir: 0.279816 0.918371 -0.279816
Pow: 104592 85267.2 88912.3
Dir: 0.233466 0.766247 -0.598631
Pow: 51657.6 36713 33019.9
Dir: 0.531426 0.680226 0.504855
Pow: 34622.9 20535.3 16850.2
Dir: 0.606696 0.776571 0.169875
Pow: 26456.2 16517.2 14520.2
Dir: 0.598631 0.766247 -0.233466
Pow: 377035 302015 204748
Dir: 0.524258 0.67105 -0.524258
Pow: 25543.8 15014.3 11833.4
Dir: -0.511953 -0.689789 -0.511953
Pow: 60386.3 36977.9 29694.6
Dir: -0.58699 -0.790892 -0.173008
Pow: 62970.2 36802.7 29133
Dir: -0.578902 -0.779995 0.237655
Pow: 52705.9 31305.3 25084.7
Dir: -0.504855 -0.680226 0.531426
Pow: 68233.7 41189 32311.5
Dir: -0.173008 -0.790892 -0.58699
Pow: 60626.1 37803.1 30839.7
Dir: -0.208978 -0.95533 -0.208978
Pow: 61126.3 35694.3 28089.6
Dir: -0.204817 -0.936304 0.28528
Pow: 61309.5 37166.9 29695.8
Dir: -0.169875 -0.776571 0.606696
Pow: 75117.5 45668 35857.6
Dir: 0.237655 -0.779995 -0.578902
Pow: 54789.7 33760.7 27516.3
Dir: 0.28528 -0.936304 -0.204817
Pow: 57995.8 33283.5 26190.5
Dir: 0.279816 -0.918371 0.279816
Pow: 64777.4 38783.5 30887.3
Dir: 0.233466 -0.766247 0.598631
Pow: 74425.5 44903.2 35029
Dir: 0.531426 -0.680226 -0.504855
Pow: 44578 27008 21580.6
Dir: 0.606696 -0.776571 -0.169875
Pow: 52976.8 30653.6 24291.5
Dir: 0.598631 -0.766247 0.233466
Pow: 43200.8 25601.1 20607
Dir: 0.524258 -0.67105 0.524258
Pow: 55122.2 32741.3 25731.4
Dir: -0.511953 -0.511953 0.689789
Pow: 52585.8 35981.2 29737.8
Dir: -0.58699 -0.173008 0.790892
Pow: 43416 28652.6 24252.8
Dir: -0.578902 0.237655 0.779995
Pow: 70302.7 44045.2 35903.2
Dir: -0.504855 0.531426 0.680226
Pow: 60614.6 37153.5 29762.6
Dir: -0.173008 -0.58699 0.790892
Pow: 23773.3 15175.3 12795.4
Dir: -0.208978 -0.208978 0.95533
Pow: 38712.5 23944.7 19531.8
Dir: -0.204817 0.28528 0.936304
Pow: 59496.9 34944.2 27406.7
Dir: -0.169875 0.606696 0.776571
Pow: 66457.9 39664.8 31271.8
Dir: 0.237655 -0.578902 0.779995
Pow: 21885.3 14274.2 12242.4
Dir: 0.28528 -0.204817 0.936304
Pow: 30131.4 19319.7 16579.2
Dir: 0.279816 0.279816 0.918371
Pow: 54313.9 31856.9 25090.8
Dir: 0.233466 0.598631 0.766247
Pow: 58345.2 34485 27345.1
Dir: 0.531426 -0.504855 0.680226
Pow: 26928.7 17698.5 15046.1
Dir: 0.606696 -0.169875 0.776571
Pow: 31151.1 20154.6 16758.9
Dir: 0.598631 0.233466 0.766247
Pow: 52866.6 32345.6 25955.8
Dir: 0.524258 0.524258 0.67105
Pow: 46848.3 27974.7 22315.9
Dir: -0.511953 0.511953 -0.689789
Pow: 51655.1 27015.3 21167.6
Dir: -0.58699 0.173008 -0.790892
Pow: 51332.8 30738.5 24502.3
Dir: -0.578902 -0.237655 -0.779995
Pow: 35216.7 20607.7 16630
Dir: -0.504855 -0.531426 -0.680226
Pow: 32151.1 18962.1 15297.3
Dir: -0.173008 0.58699 -0.790892
Pow: 69106.3 39269.5 31941.4
Dir: -0.208978 0.208978 -0.95533
Pow: 59962.5 36316.6 29623.4
Dir: -0.204817 -0.28528 -0.936304
Pow: 79184.5 71348.6 77941
Dir: -0.169875 -0.606696 -0.776571
Pow: 51273.1 42504.2 37290.2
Dir: 0.237655 0.578902 -0.779995
Pow: 73334.8 41216.7 33480.7
Dir: 0.28528 0.204817 -0.936304
Pow: 61632.4 37466.3 30888.6
Dir: 0.279816 -0.279816 -0.918371
Pow: 210842 177883 166201
Dir: 0.233466 -0.598631 -0.766247
Pow: 273010 190938 138291
Dir: 0.531426 0.504855 -0.680226
Pow: 50897 26544.3 20934.2
Dir: 0.606696 0.169875 -0.776571
Pow: 53716.6 32128.8 26257.4
Dir: 0.598631 -0.233466 -0.766247
Pow: 35643.4 21660.9 18052.5
Dir: 0.524258 -0.524258 -0.67105
Pow: 29699.8 16491.9 13146.1
