Number_light: 24
Dir: 0.812244 0.412468 -0.412468
Pow: 977703 835770 810685
Dir: 0.816463 -0.401853 -0.41461
Pow: 317504 214165 184749
Dir: 0.816463 0.41461 0.401853
Pow: 126149 77976.3 66723.8
Dir: 0.820749 -0.403962 0.403962
Pow: 247504 146595 116923
Dir: -0.812244 0.412468 0.412468
Pow: 121010 74816.2 63973
Dir: -0.816463 -0.401853 0.41461
Pow: 218560 131437 103900
Dir: -0.816463 0.41461 -0.401853
Pow: 588056 596154 684677
Dir: -0.820749 -0.403962 -0.403962
Pow: 274069 183519 162127
Dir: -0.412468 0.812244 0.412468
Pow: 163258 97474.5 81434.9
Dir: -0.41461 0.816463 -0.401853
Pow: 780736 552595 467202
Dir: 0.401853 0.816463 0.41461
Pow: 1.35104e+06 892026 663484
Dir: 0.403962 0.820749 -0.403962
Pow: 612617 481371 380349
Dir: -0.412468 -0.812244 -0.412468
Pow: 223224 134205 107329
Dir: -0.41461 -0.816463 0.401853
Pow: 255854 154151 122045
Dir: 0.401853 -0.816463 -0.41461
Pow: 212527 126521 101068
Dir: 0.403962 -0.820749 0.403962
Pow: 258740 154467 122099
Dir: -0.412468 -0.412468 0.812244
Pow: 145541 95980 80007.6
Dir: -0.41461 0.401853 0.816463
Pow: 254779 154923 123862
Dir: 0.401853 -0.41461 0.816463
Pow: 107409 69655.4 59154.8
Dir: 0.403962 0.403962 0.820749
Pow: 230102 137114 108972
Dir: -0.412468 0.412468 -0.812244
Pow: 214881 122711 98198.3
Dir: -0.41461 -0.401853 -0.816463
Pow: 153288 96791.1 85000.9
Dir: 0.401853 0.41461 -0.816463
Pow: 243912 139766 113599
Dir: 0.403962 -0.403962 -0.820749
Pow: 606577 471824 404847
